ex4.1 <- structure(list(X1 = c(7.9769783, 7.2526417, 8.5634488, 1.4669557, 
1.2039794, -0.4945084, 0.12679742, 1.0347855, 1.5112417, 7.945066, 
7.8313539, 8.1023554, 8.5305285, 1.6969642, 8.2069676, 6.9558461, 
1.4840259, 7.7844524, -0.84019711, -0.17378862, 0.099815432, 
-0.70741534, 8.2433572, -0.29085088, -0.29957891, 8.344174, 1.5801632, 
0.24484614, 0.45398139, 0.96586242, 7.6165409, 7.9117514, 0.88384982, 
7.8226612, 7.7560275, 7.197562, 0.97935253, 0.11752184, 1.0063378, 
9.0752305, -0.41439532, 7.8198849, 0.87661721, 6.2622432, -0.54793297, 
0.51747684, 8.1643651, 0.60006581, 2.2950877, 1.1307334, 0.24073253, 
8.463139, 0.42013724, 1.2068367, 0.62489105, -0.43646744, 0.19312826, 
-0.40482247, 0.7965479, 8.7666763, 0.4226264, -0.081413303, 0.7469762, 
1.3913552, -0.15859619, 8.630728, 0.13091017, 8.2971777, 8.767226, 
-1.3556309, 7.8970016, 8.893704, 1.6464197, 1.062309, 8.4139028, 
1.1907981, -0.63203697, 0.57220029, 1.3911748, -0.18431983, 7.8411276, 
8.2386887, 1.6131567, 1.0280691, -0.38507703, 7.9946789, -0.52111849, 
0.89962357, 0.47260067, 6.9041241, 8.0142221, 7.9020036, 8.5402715, 
7.6472146, 1.3715183, 1.5203466, 2.0087682, 1.6020201, -0.61042577, 
1.6835869, 1.1679104, 1.3543607, 1.4072952, -0.3333449, 8.7555966, 
8.4337645, 8.0677518, 0.97781587, 0.26754663, 8.9319783, 8.2552758, 
2.2944961, 0.12468108, 0.34262415, 0.65642125, 8.6374056, 7.7700692, 
-0.24818717, 1.2776677, 7.7416371, 7.1973062, 1.1984554, 3.5807346, 
2.0235262, -0.47538726, 0.037434132, 0.97565472, 0.97063511, 
1.0299211, 0.52411218, 1.2454396, 1.9695706, -0.81973894, 7.9763748, 
0.15676011, 7.9717935, 1.7330394, 8.0850251, 7.5568991, 1.3336208, 
1.0994485, 1.3273478, 1.3987539, 1.4157711, 8.5445803, 1.1787108, 
8.1254981, 1.1989552, 0.55299863, 1.3540454, 5.8962529, 2.4501097, 
3.7018725, 7.8303991, 9.4926031, 0.84301959, 1.0409263, 2.2307636, 
1.3408211, 0.58271212, 0.3164647, -0.43352503, 7.6241037, 0.17107161, 
-1.752304, 0.87117869, -0.35324221, 8.3087999, 9.38555, 8.7972872, 
0.30826828, 0.81340927, 1.4797392, 1.3034211, 7.7199774, 8.2056818, 
1.2369498, 8.691645, 0.60747971, 8.6435797, 8.5327109, 0.92110548, 
-0.33853202, 0.70853201, 7.7795127, 1.2612529, 0.96701845, 8.0625436, 
7.9407322, 0.87767592, 1.4329828, 1.0687409, 0.26944211, 8.260577, 
8.3169684, 0.3311489, 0.061925109, 8.3760059, 8.0487781, 9.4887076, 
0.46150715, 1.396057, 10.431936, 8.1598816, 1.3882733, 1.6452649, 
0.033983857, 6.3090986, 8.462483, -0.09769054, 0.8728409, 0.86404081, 
1.3223611, 8.0434187, 8.448099, 0.20974534, 7.5142227, 0.83813385, 
7.2724784, 8.0580792, 6.7491625, 8.4832481, 8.3598209, 1.2200124, 
-0.99802129, 1.7804823, 1.2599266, 8.4169632, 1.0621795, 7.8977697, 
0.078053313, 0.061508906, 8.3619309, 8.1017436, 8.6805258, 8.706619, 
8.1024565, 0.67211909, 0.83011297, 7.2397233, 7.9869971, 1.8128107, 
-0.57269416, 8.1651831, 0.78113569, 7.6338821, 8.4092733, 2.548895, 
7.9703493, -0.31578823, -0.75014413, -1.4819934, 0.34372923, 
6.9760868, 0.046610566, -0.78126398, 8.770426, 8.0950812, 1.2765282, 
0.96883416, 6.1621456, 8.4670142, -0.63159789, 7.2037113, 0.98671524, 
8.1601556, 1.0994263, 8.3929266, 1.3254346, 0.017770574, 6.2687415, 
-0.25530545, 1.0529588, 1.2444731, 0.08750003, -0.57361878, 8.6836133, 
5.9137298, 7.1389687, 9.5059177, 6.7766616, 0.26990263, -0.8056439, 
1.1640867, 7.9505824, 7.8028307, 0.36671244, -0.71180294, 0.44964725, 
1.5276343, 0.45611548, 7.9291065, 7.70298, 0.90150165, 8.4344697, 
-0.21659577, -0.66421726, 8.6636746, 0.97005527, 8.0984619, -0.1403887, 
-0.16900778, 8.6182777, 0.046675816, 0.61933374, -0.41271971, 
8.3544031, -0.070182383, 6.4304482, 7.5107803, -0.16983348, 8.5963548, 
7.3442264, 8.5410354, 0.87846445, 0.25299028, 0.62843528, -0.6718534, 
7.815251, 8.0363998, -0.30208971, 8.68172, 0.48996456, 7.8068927, 
1.0272509, 1.6747513, 7.948964, -0.4983776, 7.9239507, 0.49892422, 
8.8683105, -0.42910116, -0.17652978, 8.4711952, 1.9597283, 8.0932739, 
1.182124, 0.034814613, 7.9041581, 7.4352426, 0.41006442, 7.1876443, 
2.0914839, -1.6206363, 1.0765342, 7.386386, 0.42498696, 1.0047222, 
7.7118819, 0.40500588, 8.4941999, 1.1102036, 8.9703238, 2.4095418, 
1.2798652, 8.1275081, 7.780656, -0.10558637, 0.83458842, 7.6867003, 
8.4482267, 1.3394189, 8.4893052, 1.8040482, 8.0992711, 0.26837275, 
6.9679327, 7.9137876, 0.76151961, -0.10411395, 1.9050178, 0.64646241, 
8.0859425, 2.6501223, -0.19745652, 7.3556515, 8.4085701, -1.6046825, 
1.5774946, -0.095196051, 8.208514, 8.3299307, 0.29758932, 0.41762304, 
0.7427974, 8.4135869, 7.4458276, 0.52587144, 1.4136473, 8.6085076, 
-1.3123371, 9.390703, 0.37169528, 0.51088933, 8.7979419, 8.594784, 
7.6803525, -0.36759828, 0.24406317, 8.3783462, -0.34363448, 1.3759785, 
1.2915467, 0.91459437, 7.9623085, 7.7533521, 8.5617364, 7.2218866, 
3.6466831, 1.4725114, 7.197506, 8.061303, 0.49666996, 0.29620244, 
0.21166628, 1.1454374, 1.3555563, 7.583708, 8.0425474, 1.285144, 
1.3617427, -1.3320325, 0.73295256, -0.10274629, 1.6117143, -0.20282987, 
8.0473661, 7.3027744, 7.8308093, 7.6546785, 8.6811373, 0.96161003, 
7.6828146, 0.35834799, 1.6551453, 1.1853994, 9.2217863, 7.1269169, 
8.1557499, 1.8222298, 8.3616714, 1.1557642, 1.5940987, -0.80829841, 
-0.82556878, 8.0554677, 7.8191568, 1.0123178, 8.4495186, 7.3985019, 
7.7155092, 0.92442237, 0.95170622, 0.88657108, 1.0305925, 1.7106317, 
8.6297937, 7.9137557, 7.9764685, 0.22296824, 0.86760093, 0.15260915, 
-0.02747262, 0.57407777, 0.871655, 0.69370514, 8.4329555, 2.1580491, 
8.0018077, 0.92587625, 0.4255269, 1.0829828, 8.1894441, 0.0029879895, 
8.0495446, 8.1999675, 7.6452677, -1.188579, 0.98432797, 0.63203812, 
0.27264984, 0.52945075, 1.0004891, -0.89443813, 8.5551256, 7.9807992, 
7.3433751, 1.7731719, 7.6456385, 1.4090624, 1.5700271, 1.5378908, 
7.2302344, -0.052311186, 1.1216026, 0.86918394, 7.6007496, 9.0357255, 
0.15794988, 1.0644776, 8.1461269, -0.54506251, -0.23121196, 1.0453204, 
7.8744705, 0.15048055, 8.2472123, 0.89709055, 7.7057263, -0.030746911, 
1.2389329, 8.4646299, 0.81662047, 1.2901359, 0.8086489, 8.1490725, 
7.8379951, 1.8612675, 6.272741, 0.020883224, 0.18525646, 6.9842793, 
1.2815078, -1.0852784, 0.64993483, 7.5899896, 1.5750125, 0.50422232, 
7.936117, 7.9825222, 7.3825992, 6.5336041, 1.114642, 8.0422969, 
0.33758132, 8.7093494, 8.6916996, -0.024589081, 7.3889738, 6.3242339, 
0.96568217, -0.78006047, 0.59567894, 1.9062081, 2.2796046, 9.0341131, 
8.2415819, 0.76252456, 2.0194755, 8.9874593, 7.8097792, 0.75600337, 
9.0918404, 8.8094833, 1.7025054, 2.1703214, 0.82041582, 1.071376, 
0.15162926, -0.020498558, -0.39408106, 7.6521728, 2.2728181, 
10.2496, 1.232666, 0.82340196, 1.2170305, 8.5145059, 7.6144327, 
7.7749609, 1.3078026, 7.811284, -0.18965925, 1.3887868, 7.96764, 
0.97632173, 7.9566559, 8.4990273, 1.3163245, 0.35496242, 9.5923697, 
0.63705249, -0.55075484, -1.1219496, 7.5123725, 0.6837751, -0.30862582, 
1.713413, 0.10740911, -0.52957207, 5.9679289, 0.88464479, 0.92962222, 
0.51143218, 1.0396463, 0.66310805, 8.1386255, 9.4866679, 0.9853001, 
0.68827674),