chevron <- 
structure(.Data = list(structure(.Data = c(1, 1, 1, 1, 1, 1, 1, 1, 1, 1, 1, 1, 1, 1, 1, 1, 1, 1, 1, 1, 1, 1, 1, 1, 1,
	1, 1, 1, 1, 1, 1, 1, 1, 1, 1, 1, 1, 1, 1, 1, 1, 1, 1, 1, 1, 1, 1, 1,
	1, 1, 1, 1, 1, 1, 1, 1, 1, 1, 1, 1, 1, 1, 1, 1, 1, 1, 1, 1, 1, 1, 1,
	1, 1, 1, 1, 1, 1, 1, 1, 1, 1, 1, 1, 1, 1, 1, 1, 1, 1, 1, 1, 1, 1, 1,
	1, 1, 1, 1, 1, 1, 1, 1, 1, 1, 1, 1, 1, 1, 1, 1, 1, 1, 1, 1, 1, 1, 1,
	1, 1, 1, 1, 1, 1, 1, 1, 1, 1, 1, 1, 1, 1, 1, 1, 1, 1, 1, 1, 1, 1, 1,
	1, 1, 1, 1, 1, 1, 1, 1, 1, 1, 1, 1, 1, 1, 1, 1, 1, 1, 1, 1, 1, 1, 1,
	1, 1, 1, 1, 1, 1, 1, 1, 1, 1, 1, 1, 1, 1, 1, 1, 1, 1, 1, 1, 1, 1, 1,
	1, 1, 1, 1, 1, 1, 1, 1, 1, 1, 1, 1, 1, 1, 1, 1, 1, 1, 1, 1, 1, 1, 1,
	1, 1, 1, 1, 1, 1, 1, 1, 1, 1, 1, 1, 1, 1, 1, 1, 1, 1, 1, 1, 1, 1, 1,
	1, 1, 1, 1, 1, 1, 1, 1, 1, 1, 1, 1, 1, 1, 1, 1, 1, 1, 1, 1, 1, 1, 1,
	1, 1, 1, 1, 1, 1, 1, 1, 1, 1, 1, 1, 1, 1, 1, 1, 1, 1, 1, 1, 1, 1, 1,
	1, 1, 1, 1, 1, 1, 1, 1, 1, 1, 1, 1, 1, 1, 1, 1, 1, 1, 1, 1, 1, 1, 1,
	1, 1, 1, 1, 1, 1, 1, 1, 1, 1, 1, 1, 1, 1, 1, 1, 1, 1, 1, 1, 1, 1, 1,
	1, 1, 1, 1, 1, 1, 1, 1, 1, 1, 1, 1, 1, 1, 1, 1, 1, 1, 1, 1, 1, 1, 1,
	1, 1, 1, 2, 2, 2, 2, 2, 2, 2, 2, 2, 2, 2, 2, 2, 2, 2, 2, 2, 2, 2, 2,
	2, 2, 2, 2, 2, 2, 2, 2, 2, 2, 2, 2, 2, 2, 2, 2, 2, 2, 2, 2, 2, 2, 2,
	2, 2, 2, 2, 2, 2, 2, 2, 2, 2, 2, 2, 2, 2, 2, 2, 2, 2, 2, 2, 2, 2, 2,
	2, 2, 2, 2, 2, 2, 2, 2, 2, 2, 2, 2, 2, 2, 2, 2, 2, 2, 2, 2, 2, 2, 2,
	2, 2, 2, 2, 2, 2, 2, 2, 2, 2, 2, 2, 2, 2, 2, 2, 2, 2, 2, 2, 2, 2, 2,
	2, 2, 2, 2, 2, 2, 2, 2, 2, 2, 2, 2, 2, 2, 2, 2, 2, 2, 2, 2, 2, 2, 2,
	2, 2, 2, 2, 2, 2, 2, 2, 2, 2, 2, 2, 2, 2, 2, 2, 2, 2, 2, 2, 2, 2, 2,
	2, 2, 2, 2, 2, 2, 2, 2, 2, 2, 2, 2, 2, 2, 2, 2, 2, 2, 2, 2, 2, 2, 2,
	2, 2, 2, 2, 2, 2, 2, 2, 2, 2, 2, 2, 2, 2, 2, 2, 2, 2, 2, 2, 2, 2, 2,
	2, 2, 2, 2, 2, 2, 2, 2, 2, 2, 2, 2, 2, 2, 2, 2, 2, 2, 2, 2, 2, 2, 2,
	2, 2, 2, 2, 2, 2, 2, 2, 2, 2, 2, 2, 2, 2, 2, 2, 2, 2, 2, 2, 2, 2, 2,
	2, 2, 2, 2, 2, 2, 2, 2, 2, 2, 2, 2, 2, 2, 2, 2, 2, 2, 2, 2, 2, 2, 2,
	2, 2, 2, 2, 2, 2, 2, 2, 2, 2, 2, 2, 2, 2, 2, 2, 2, 2, 2, 2, 2, 2, 2,
	2, 2, 2, 2, 2, 2, 2, 2, 2, 2, 2, 2, 2, 2, 2, 2, 2, 2, 2, 2, 2, 2, 2,
	2, 2, 2, 2, 2, 2, 2, 2, 2, 2, 2, 2, 2, 2, 2, 2, 2, 2, 2, 2, 2, 2, 2,
	2, 2, 2, 2, 2, 2, 2, 2, 2, 2, 2, 2, 2, 2, 2, 2, 2, 2, 2, 2, 2, 2, 2,
	2, 2, 2, 2, 2, 2, 2, 2, 2, 2, 2, 2, 2, 2, 2, 2, 2, 2, 2, 2, 2, 2, 2,
	2, 2, 2, 2, 2, 2, 2, 2, 2, 2, 2, 2, 2, 2, 2, 2, 2, 2, 2, 2, 2, 2, 2,
	2, 2, 2, 2, 2, 2, 2, 2, 2, 2, 2, 2, 2, 2, 2, 2, 2, 2, 2, 2, 2, 2, 2,
	2, 2, 2, 2, 2, 2, 2, 2, 2, 2, 2, 2, 2, 2, 2, 2, 2, 2, 2, 2, 2, 2, 2,
	2, 2, 2, 2, 2, 2, 2, 2, 2, 2, 2, 2, 2, 2, 2, 2, 2, 2, 2, 2, 2, 2, 2,
	2, 2, 2, 2, 2, 2, 2, 2, 2, 2, 2, 2, 2, 2, 2, 2, 2, 2, 2, 2, 2, 2, 2,
	2, 2, 2, 2, 2, 2, 2, 2, 2, 2, 2, 2, 2, 2, 2, 2, 2, 2, 2, 2, 2, 2, 2,
	2, 2, 2, 2, 2, 2, 2, 2, 2, 2, 2, 2, 2, 2, 2, 2, 2, 2, 2, 2, 2, 2, 2,
	2, 2, 2, 2, 2, 2, 2, 2, 2, 2, 2, 2, 2, 2, 2, 2, 2, 2, 2, 2, 2, 2, 2,
	2, 2, 2, 2, 2, 2, 2, 2, 2, 2, 2, 2, 2, 2, 2, 2, 2, 2, 2, 2, 2, 2, 2,
	2, 2, 2, 2, 2, 2, 2, 2, 2, 2, 2, 2, 2, 2, 2, 2, 2, 2, 2, 2, 2, 2, 2,
	2, 2, 2, 2, 2, 2, 2, 2, 2, 2, 2, 2, 2, 2, 2, 2, 2, 2, 2, 2, 2, 2, 2,
	2, 2, 2, 2, 2, 2, 2, 2, 2, 2, 2, 2, 2, 2, 2, 2, 2, 2, 2, 2, 2, 2, 2,
	2, 2, 2, 2, 2, 2, 2, 2, 2, 2, 2, 2, 2, 2, 2, 2, 2, 2, 2, 2, 2, 2, 2,
	2, 2, 2, 2, 2, 2, 2, 2, 2, 2, 2, 2, 2, 2, 2, 2, 2, 2, 2, 2, 2, 2, 2,
	2, 2, 2, 2, 2, 2, 2, 2, 2, 2, 2, 2, 2, 2, 2, 2, 2, 2, 2, 2, 2, 2, 2,
	2, 2, 2, 2, 2, 2, 2, 2, 2, 2, 2, 2, 2, 2, 2, 2, 2, 2, 2, 2, 2)
, levels = c("data", "noise")
, class = "factor"
)
, c(54.234892748296261, 48.235562283080071, 55.687680731993169, 
	42.526220000814646, 57.036088942084461, 38.920804302673787, 
	50.352763144299388, 22.635154556017369, 45.188236500136554, 
	50.147577424999326, 62.931766451802105, 47.640057321172208, 
	32.879657312761992, 24.837501123547554, 86.163869962561876, 
	86.837749335449189, 30.155830167233944, 85.877189304679632, 
	52.519144220743328, 57.793714497238398, 43.241628542076796, 
	36.721126145217568, 76.442784171551466, 64.163636977784336, 
	39.956034869886935, 69.729254734702408, 56.731933660805225, 
	47.354641291312873, 96.121449000202119, 82.79412979632616, 
	27.851137142628431, 24.93720111111179, 70.782046268228441, 
	48.560211469419301, 93.043078976683319, 32.209129346068949, 
	51.966823963914067, 86.239495593588799, 66.112952909898013, 
	58.24884533463046, 58.838225212879479, 56.636853196658194, 
	28.494492165744305, 57.653920940123498, 58.695394218433648, 
	86.625092410948128, 79.084716598968953, 78.508364506531507, 
	67.891362857073545, 73.143478830344975, 53.011723873205483, 
	30.373510002158582, 73.353310863021761, 29.196813782211393, 
	47.826015655882657, 95.469707596115768, 66.416002587880939, 
	36.85956151643768, 83.042443388141692, 54.88353905454278, 
	20.405374596826732, 56.198116395156831, 88.915851167403162, 
	59.562612885143608, 24.462514431215823, 31.448000574950129, 
	84.677187889814377, 87.364191023632884, 42.840826678089797, 
	92.397713405545801, 34.250688253901899, 69.683547101449221, 
	63.546513228211552, 43.672808268573135, 41.922648540697992, 
	56.473112017847598, 23.171860761009157, 49.953823303803802, 
	46.436614512931556, 38.59219811623916, 36.842365437187254, 
	26.409177205059677, 37.328651405405253, 34.927986776456237, 
	23.656566813588142, 54.236644501797855, 52.210703836753964, 
	28.157244871836156, 40.096746440976858, 31.42181457253173, 
	39.851036574691534, 31.424492257647216, 21.042729932814837, 
	29.523033264558762, 15.452032738830894, 30.015379111282527, 
	17.606630416121334, 57.101884072180837, 20.443842625245452, 
	28.15221022348851, 49.629977764561772, 51.881898459978402, 
	57.992464969865978, 41.258769547566772, 43.240769172552973, 
	29.272754858247936, 22.174956740345806, 15.878613241948187, 
	47.602522533852607, 15.149760278873146, 29.244020255282521, 
	10.318592390976846, 15.792438546195626, 58.153129788115621, 
	20.091362772509456, 17.016000929288566, 55.212599416263402, 
	34.973146319389343, 53.71798048261553, 42.072467103134841, 
	33.85334680788219, 42.941173664294183, 30.652374024502933, 
	24.599534531589597, 58.054738822393119, 49.216255359351635, 
	58.694438498932868, 33.398411432281137, 33.487216115463525, 
	56.60395851591602, 40.388811649754643, 45.681617558002472, 
	44.670640942640603, 47.806818750686944, 63.221794744022191, 
	21.259777629747987, 46.282551544718444, 28.109394870698452, 
	39.038281014654785, 26.695298594422638, 52.581904833205044, 
	38.105826680548489, 53.261818196624517, 22.38856595242396, 
	34.513444658368826, 52.018882452975959, 46.146133805159479, 
	27.751676877960563, 22.251768377609551, 23.039224445819855, 
	27.827243870124221, 47.182311916258186, 33.193872570991516, 
	33.675142102874815, 47.399089089594781, 29.215442202985287, 
	19.19504533521831, 39.283584766089916, 45.919479306321591, 
	24.246974098496139, 40.75248803012073, 18.43075955985114, 
	38.122169103007764, 18.892768386285752, 33.499488248489797, 
	28.507504318840802, 46.171165551058948, 55.270138657651842, 
	53.00451789284125, 26.972963795997202, 59.249994799029082, 
	21.945157558657229, 56.327855265699327, 40.006134547293186, 
	37.262823963537812, 25.617648903280497, 55.879329103045166, 
	24.799662989098579, 40.955960997380316, 43.778304925654083, 
	29.831844971049577, 56.157954586669803, 64.189819009043276, 
	39.882790127303451, 43.470695824362338, 41.053441364783794, 
	19.858526606112719, 27.550494831521064, 60.940338368527591, 
	55.592591632157564, 47.432575717102736, 38.313838448375463, 
	63.655514353886247, 23.842276630457491, 55.173727651126683, 
	36.56159303849563, 51.171865740325302, 14.076206854078919, 
	28.135600308887661, 40.992705882526934, 33.077532607130706, 
	27.613630839623511, 31.261784746311605, 54.491466227918863, 
	17.863415980245918, 45.307226125150919, 14.00991789996624, 
	47.494816437829286, 30.550595805980265, 22.459614060353488, 
	25.26177371153608, 38.942916460800916, 53.661402179859579, 
	56.124480329453945, 60.420438817236573, 74.254679393488914, 
	74.963943171314895, 76.253521561156958, 72.367728634271771, 
