cross <- structure(list(group = c(1, 1, 1, 1, 1, 1, 1, 1, 1, 1, 1, 1, 
1, 1, 1, 1, 1, 1, 1, 1, 1, 1, 1, 1, 1, 1, 1, 1, 1, 1, 1, 1, 1, 
1, 1, 1, 1, 1, 1, 1, 1, 1, 1, 1, 1, 1, 1, 1, 1, 1, 1, 1, 1, 1, 
1, 1, 1, 1, 1, 1, 1, 1, 1, 1, 1, 1, 1, 1, 1, 1, 1, 1, 1, 1, 1, 
1, 1, 1, 1, 1, 1, 1, 1, 1, 1, 1, 1, 1, 1, 1, 1, 1, 1, 1, 1, 1, 
1, 1, 1, 1, 1, 1, 1, 1, 1, 1, 1, 1, 1, 1, 1, 1, 1, 1, 1, 1, 1, 
1, 1, 1, 1, 1, 1, 1, 1, 1, 1, 1, 1, 1, 1, 1, 1, 1, 1, 1, 1, 1, 
1, 1, 1, 1, 1, 1, 1, 1, 1, 1, 1, 1, 1, 1, 1, 1, 1, 1, 1, 1, 1, 
1, 1, 1, 1, 1, 1, 1, 1, 1, 1, 1, 1, 1, 1, 1, 1, 1, 1, 1, 1, 1, 
1, 1, 1, 1, 1, 1, 1, 1, 1, 1, 1, 1, 1, 1, 1, 1, 1, 1, 1, 1, 1, 
1, 1, 1, 1, 1, 1, 1, 1, 1, 1, 1, 1, 1, 1, 1, 1, 1, 1, 1, 1, 1, 
1, 1, 1, 1, 1, 1, 1, 1, 1, 1, 1, 1, 1, 1, 1, 1, 1, 1, 1, 1, 1, 
1, 1, 1, 1, 1, 1, 1, 2, 2, 2, 2, 2, 2, 2, 2, 2, 2, 2, 2, 2, 2, 
2, 2, 2, 2, 2, 2, 2, 2, 2, 2, 2, 2, 2, 2, 2, 2, 2, 2, 2, 2, 2, 
2, 2, 2, 2, 2, 2, 2, 2, 2, 2, 2, 2, 2, 2, 2, 2, 2, 2, 2, 2, 2, 
2, 2, 2, 2, 2, 2, 2, 2, 2, 2, 2, 2, 2, 2, 2, 2, 2, 2, 2, 2, 2, 
2, 2, 2, 2, 2, 2, 2, 2, 2, 2, 2, 2, 2, 2, 2, 2, 2, 2, 2, 2, 2, 
2, 2, 2, 2, 2, 2, 2, 2, 2, 2, 2, 2, 2, 2, 2, 2, 2, 2, 2, 2, 2, 
2, 2, 2, 2, 2, 2, 2, 2, 2, 2, 2, 2, 2, 2, 2, 2, 2, 2, 2, 2, 2, 
2, 2, 2, 2, 2, 2, 2, 2, 2, 2, 2, 2, 2, 2, 2, 2, 2, 2, 2, 2, 2, 
2, 2, 2, 2, 2, 2, 2, 2, 2, 2, 2, 2, 2, 2, 2, 2, 2, 2, 2, 2, 2, 
2, 2, 2, 2, 2, 2, 2, 2, 2, 2, 2, 2, 2, 2, 2, 2, 2, 2, 2, 2, 2, 
2, 2, 2, 2, 2, 2, 2, 2, 2, 2, 2, 2, 2, 2, 2, 2, 2, 2, 2, 2, 2, 
2, 2, 2, 2, 2, 2, 2, 2, 2, 2, 2, 2, 2, 2, 2, 2, 2, 2, 2, 2, 2, 
2, 2, 2, 2, 2), `X1` = c(1.26295428488079, -0.326233360705649, 
1.3297992629225, 1.2724293214294, 0.414641434456408, -1.53995004190371, 
-0.928567034713538, -0.29472044679056, -0.00576717274753695, 
2.40465338885795, 0.76359346114046, -0.799009248989368, -1.14765700923635, 
-0.289461573688223, -0.299215117897316, -0.411510832795067, 0.252223448156132, 
-0.891921127284569, 0.435683299355719, -1.23753842192996, -0.224267885278309, 
0.377395645981701, 0.133336360814841, 0.804189509744908, -0.0571067743838087, 
0.503607972233726, 1.08576936214569, -0.69095383969683, -1.28459935387219, 
0.046726172188352, -0.235706556439501, -0.542888255010254, -0.433310317456782, 
-0.649471646796233, 0.726750747385451, 1.1519117540872, 0.992160365445798, 
-0.429513109491881, 1.23830410085338, -0.279346281854269, 1.75790308981071, 
0.560746090888056, -0.452783972553158, -0.832043296117832, -1.16657054708471, 
-1.0655905803883, -1.563782051071, 1.15653699715018, 0.83204712857239, 
-0.227328691424755, 0.266137361672105, -0.376702718583628, 2.44136462889459, 
-0.795339117255372, -0.0548774737115786, 0.250141322854153, 0.618243293566247, 
-0.172623502645857, -2.22390027400994, -1.26361438497058, 0.358728895971352, 
-0.0110454784656636, -0.940649162618608, -0.115825322156954, 
-0.814968708869917, 0.242263480859686, -1.4250983947325, 0.36594112304922, 
0.248412648872596, 0.0652881816716207, 0.0191563916602738, 0.257338377155533, 
-0.649010077708898, -0.119168762418038, 0.66413569989411, 1.10096910219409, 
0.14377148075807, -0.117753598165951, -0.912068366948338, -1.43758624082998, 
-0.797089525071965, 1.25408310644997, 0.77214218580453, -0.21951562675344, 
-0.424810283377287, -0.418980099421959, 0.996986860909106, -0.275778029088027, 
1.2560188173061, 0.646674390495345, 1.29931230256343, -0.873262111744435, 
0.00837095999603331, -0.880871723252545, 0.59625901661066, 0.119717641289536, 
-0.282173877322452, 1.45598840106634, 0.229019590694692, 0.996543928544126, 
0.781859184600258, -0.776776621764597, -0.615989907707918, 0.0465803028049967, 
-1.13038577760069, 0.576718781896486, -1.28074943178832, 1.62544730346494, 
-0.500696596002705, 1.67829720781629, -0.412519887482398, -0.97228683550556, 
0.0253828675878054, 0.0274753367451927, -1.68018272239593, 1.05375086302862, 
-1.11959910457218, 0.335617209968815, 0.494795767113158, 0.138052708711737, 
-0.118792025778828, 0.197684262345795, -1.06869271125479, -0.80321321736474, 
-1.11376513631953, 1.58009168370384, 1.49781876103841, 0.262645458662762, 
-1.23290119957126, -0.00372353379218051, 1.51167228281089, -0.475698284429534, 
0.79791643753108, -0.974002561112527, 0.689372697765473, -0.955839103276798, 
-1.2317070584141, -0.956891881325619, -0.869782873686493, -0.910680682493289, 
0.741276305260208, 0.0685115332771444, -0.323750754587962, -1.0865030469937, 
-1.01592894685489, -0.767790184730859, -1.11972006112698, -0.448174236603396, 
0.47173637445323, -1.18049068288428, 1.47025699708299, -1.31142059162488, 
-0.0965249227629818, 2.36971990795134, 0.890626476437422, -0.252183161390947, 
-0.865763754844263, 0.582585999886443, -0.0125293469957165, -0.374854762113895,
0.317885735092473, -0.488805634836622, 2.65865802699847, 1.68027820468955, 
0.779584009075853, 0.71324052011282, -0.542881937111931, 0.885778373900932, 
-0.348594684510753, -1.00805457816954, 1.8831825423826, -0.928971079201175, 
-0.294196453606913, -0.614950270796355, -0.94707579174102, 0.598975149810313, 
-1.52361488237755, -0.206189002117285, -0.574295414301406, -1.39016603663508, 
-0.0704173825071551, -0.430879529604084, -0.592225372961588, 
0.981116159906615, 0.532409356670506, -0.0904561242409946, 0.15649049169609, 
-0.737311690839969, -0.20134120587218, 1.10217659507369, -0.0167482561518744, 
0.161788633557242, 2.02476139007773, -0.703694253898738, 0.960792383950527, 
1.79048505353782, -1.06416516333343, 0.0176365464246015, -0.38990862930585, 
-0.490832752366552, -1.04571765178674, -0.896211263960579, 1.26938716360704, 
0.593840948597503, 0.775634318883504, 1.55737037634497, -0.36540179688389, 
0.816556448748125, -0.0606347781205525, -0.501378317795089, 0.92606272533302, 
0.0369376908421676, -1.06620017351302, -0.238456353279062, 1.49522344384323, 
1.17215854698947, -1.45770721012238, 0.095056226988643, 0.847664963596026, 
-1.62436452976059, 1.40856335683396, -0.541760362101113, 0.278664724106355, 
-0.193972744670297, 1.57615818121873, -1.47554763526052, -0.144608207310541, 
-1.07501019081817, 0.406542731944927, 2.22926220164091, -1.51449700825033, 
-0.0617074220120377, -0.147270790038966, 1.54159306882696, -0.98185566880387, 
0.496578172661699, 1.69694788072309, -0.260736308568123, -0.705928585667662, 
-0.161178506172346, 0.501321827723727, -1.01353967049479, 1.61475223546813, 
0.0056419848524955, -2.90489906034557, -1.10716481896875, 1.54756693261827, 
-0.976830350346719, -0.101503447631726, 0.0426502497966979, -0.797552248911132,
10.3229809229786, 0.781313159613491, -2.65504530767321, 4.61099644940903, 
2.54982271068308, 3.46089344603239, 9.04323905082022, -2.57369212146266, 
-2.13605901599485, -1.83306930522421, 9.6522480508404, 17.5525000708904, 
8.68008660159401, 9.34564129581753, 15.919862433606, -5.14485132304678, 
-13.2325460080511, -9.99329800111672, 2.28963050204598, 0.210102128452628, 
-24.4433276505523, 10.6676032628399, -1.97779677756853, -0.510054846089218, 
3.65908058495626, -11.7848695467608, -6.36022158189192, 9.3050250294412, 
17.7548487070343, 6.18772566143988, 6.64418294972592, -15.3744320863865, 
9.4735781165804, 10.1091519806059, -3.19132805175383, 1.69414967988762, 
8.31420024551634, 19.3743075878042, -9.98765408403015, 9.26557399868874, 
12.3943927477343, 8.23329946688387, 2.64261088308114, -1.36564762228545, 
1.48402295760307, 7.81719687498848, -9.70231044043853, -11.0009877142141, 
-6.40300226425223, -12.8162849967668, -15.0240997074182, 12.4131251912361, 
-8.27707125047001, -4.54041039418265, -10.2125863144471, 4.61495749483626, 
4.75189904427085, 10.694225915881, -4.15832721845055, 11.1696235926977, 
1.23319396655783, -11.6968071496312, 10.3626804826353, 13.6210273011827, 
7.21924088445048, -3.87483247589599, -12.1023084619283, 0.336978631624503, 
-12.1114961026169, -16.3260388434941, 6.33630178620148, -2.69117697432793, 
-3.59002166646955, -5.78985596921356, 11.8404454925165, -14.2647109326606, 
-4.00046782396941, 5.09564770116935, 2.61293107040096, -5.53989899086854, 
