EuroUnemployment <- structure(list(
"TUR" = c(8.5, 11.4, 6.1, 6.6, 5, 7.4, 11.3, 26.5, 24.5, 10.3, 17.3, 12.7, 
16.1, 10.8, 10.7, 5.9, 7.7, 5.9, 7.4, 5.6, 9, 14.1, 6.8, 9.7, 13.2, 8.7, 
7.9, 6.1, 5, 3.5, 9.9), 
"YUR" = c(23.2, 23.8, 15.9, 12.6, 7.7, 15, 23.9, 52.4, 53.2, 24.1, 45.5, 
42.7, 35.9, 19.6, 19.3, 21.2, 20.4, 11.8, 12.7, 10.3, 23.9, 34.7, 24, 
20.2, 29.7, 20.5, 22.9, 16.9, 10, 7.9, 18), 
LUR = c(4.3, 6.9, 2.7, 1.7, 2.2, 3.3, 6.7, 19.5, 12.9, 4.4, 10.1, 7.8, 
7.7, 4.7, 4.8, 1.6, 3.7, 2.7, 3, 1.5, 3.8, 8.4, 2.8, 5.3, 9.3, 1.9, 1.5, 
2.2, 0.6, 0.8, 2)), 
class = "data.frame", 
row.names = c("Belgium", "Bulgaria", "Czech Republic", "Denmark", "Germany",
"Estonia", "Ireland", "Greece", "Spain", "France", "Croatia", "Italy", 
"Cyprus", "Latvia", "Lithuania", "Luxembourg", "Hungary", "Malta", 
"Netherlands", "Austria", "Poland", "Portugal", "Romania", "Slovenia", 
"Slovakia", "Finland", "Sweden", "United Kingdom", "Iceland", "Norway", 
"Turkey"
))