"lansing" <- 
structure(.Data = list("x" = c(0.069000000000000006, 0.081000000000000003, 0.040000000000000001, 0.023,
	0.035999999999999997, 0.14299999999999999, 0.029999999999999999, 
	0.074999999999999997, 0.082000000000000003, 0.078, 0.124, 0.027, 0.039,
	0.053999999999999999, 0.10199999999999999, 0.081000000000000003, 
	0.079000000000000001, 0.029999999999999999, 0.024, 0.070000000000000007,
	0.091999999999999998, 0.13100000000000001, 0.14199999999999999, 
	0.028000000000000001, 0.037999999999999999, 0.068000000000000005, 0.001,
	0.11600000000000001, 0.115, 0.123, 0.108, 0.025999999999999999, 
	0.064000000000000001, 0.051999999999999998, 0.216, 0.245, 0.219, 
	0.20899999999999999, 0.154, 0.28100000000000003, 0.248, 0.153, 
	0.20300000000000001, 0.193, 0.26000000000000001, 0.156, 0.224, 0.247,
	0.049000000000000002, 0.027, 0.031, 0.098000000000000004, 
	0.050000000000000003, 0.128, 0.028000000000000001, 0.047, 
	0.088999999999999996, 0.084000000000000005, 0.124, 0.079000000000000001,
	0.047, 0.042000000000000003, 0.14699999999999999, 0.10199999999999999,
	0.065000000000000002, 0.025999999999999999, 0.027, 0.044999999999999998,
	0.097000000000000003, 0.109, 0.13500000000000001, 0.029000000000000001,
	0.036999999999999998, 0.063, 0.053999999999999999, 0.12, 
	0.10100000000000001, 0.13600000000000001, 0.105, 0.035000000000000003,
	0.047, 0.20699999999999999, 0.219, 0.22900000000000001, 
	0.24399999999999999, 0.16800000000000001, 0.159, 0.25800000000000001,
	0.27900000000000003, 0.16200000000000001, 0.21099999999999999, 
	0.17399999999999999, 0.253, 0.16200000000000001, 0.22800000000000001,
	0.22900000000000001, 0.094, 0.027, 0.040000000000000001, 
	0.084000000000000005, 0.027, 0.105, 0.031, 0.023, 0.107, 0.11, 
	0.10299999999999999, 0.025000000000000001, 0.053999999999999999, 
	0.069000000000000006, 0.13100000000000001, 0.11600000000000001, 0.047,
	0.047, 0.035000000000000003, 0.032000000000000001, 0.13600000000000001,
	0.14499999999999999, 0.10000000000000001, 0.064000000000000001, 
	0.053999999999999999, 0.035000000000000003, 0.060999999999999999, 
	0.13600000000000001, 0.13700000000000001, 0.127, 0.104, 
	0.070999999999999994, 0.041000000000000002, 0.183, 0.16, 
	0.23999999999999999, 0.27900000000000003, 0.16300000000000001, 0.157,
	0.22900000000000001, 0.26500000000000001, 0.16700000000000001, 0.16,
	0.16600000000000001, 0.27600000000000002, 0.14799999999999999, 0.222,
	0.221, 0.106, 0.034000000000000002, 0.041000000000000002, 
	0.052999999999999999, 0.108, 0.129, 0.029999999999999999, 
	0.069000000000000006, 0.14599999999999999, 0.13200000000000001, 
	0.090999999999999998, 0.025999999999999999, 0.076999999999999999, 
	0.081000000000000003, 0.098000000000000004, 0.11799999999999999, 
	0.052999999999999999, 0.064000000000000001, 0.040000000000000001, 
	0.080000000000000002, 0.127, 0.095000000000000001, 0.01, 
	0.0089999999999999993, 0.066000000000000003, 0.034000000000000002,
	0.076999999999999999, 0.14199999999999999, 0.123, 0.115, 
	0.081000000000000003, 0.075999999999999998, 0.031, 0.17199999999999999,
	0.19800000000000001, 0.246, 0.28799999999999998, 0.17000000000000001,
	0.17899999999999999, 0.23799999999999999, 0.22500000000000001, 
	0.17599999999999999, 0.186, 0.26800000000000002, 0.28899999999999998,
	0.161, 0.22, 0.254, 0.13, 0.066000000000000003, 0.039, 
	0.035000000000000003, 0.13400000000000001, 0.035999999999999997, 
	0.068000000000000005, 0.075999999999999998, 0.088999999999999996, 0.122,
	0.11799999999999999, 0.029999999999999999, 0.070000000000000007, 
	0.091999999999999998, 0.12, 0.094, 0.035000000000000003, 
	0.032000000000000001, 0.044999999999999998, 0.078, 0.106, 0.129, 0.027,
	0.027, 0.070000000000000007, 0.024, 0.085000000000000006, 0.127, 
	0.10100000000000001, 0.114, 0.078, 0.065000000000000002, 0.031, 
	0.17499999999999999, 0.27800000000000002, 0.27400000000000002, 
	0.23400000000000001, 0.16300000000000001, 0.16600000000000001, 0.249,
	0.22800000000000001, 0.17399999999999999, 0.155, 0.25800000000000001,
	0.20699999999999999, 0.20899999999999999, 0.23799999999999999, 
	0.26200000000000001, 0.159, 0.216, 0.21099999999999999, 
	0.14799999999999999, 0.25800000000000001, 0.26500000000000001, 
	0.42399999999999999, 0.28999999999999998, 0.372, 0.28899999999999998,
	0.35399999999999998, 0.39400000000000002, 0.32900000000000001, 
	0.34799999999999998, 0.33100000000000002, 0.34200000000000003, 
	0.34399999999999997, 0.33300000000000002, 0.41899999999999998, 
	0.30399999999999999, 0.312, 0.38, 0.307, 0.44, 0.57599999999999996,
	0.45900000000000002, 0.44400000000000001, 0.44800000000000001, 
	0.49199999999999999, 0.55600000000000005, 0.48699999999999999, 0.439,
	0.65700000000000003, 0.63100000000000001, 0.67100000000000004, 
	0.60099999999999998, 0.63900000000000001, 0.67200000000000004, 
	0.66000000000000003, 0.58399999999999996, 0.66600000000000004, 
	0.68600000000000005, 0.61899999999999999, 0.65400000000000003, 
	0.66300000000000003, 0.623, 0.73299999999999998, 0.84799999999999998,
	0.21199999999999999, 0.28599999999999998, 0.21199999999999999, 0.185,
	0.23400000000000001, 0.253, 0.41299999999999998, 0.39400000000000002,
	0.30199999999999999, 0.33900000000000002, 0.31, 0.41699999999999998,
	0.33000000000000002, 0.34699999999999998, 0.307, 0.34699999999999998,
	0.34599999999999997, 0.38700000000000001, 0.40799999999999997, 0.308,
	0.32100000000000001, 0.38900000000000001, 0.29099999999999998, 
	0.46100000000000002, 0.47499999999999998, 0.48999999999999999, 
	0.57799999999999996, 0.45900000000000002, 0.45600000000000002, 0.437,
	0.439, 0.45900000000000002, 0.55700000000000005, 0.621, 
	0.61899999999999999, 0.58499999999999996, 0.68200000000000005, 
	0.65800000000000003, 0.629, 0.60899999999999999, 0.57899999999999996,
	0.67200000000000004, 0.58399999999999996, 0.66100000000000003, 0.627,
	0.60799999999999998, 0.747, 0.85199999999999998, 0.158, 
	0.28899999999999998, 0.184, 0.251, 0.24199999999999999, 
	0.25600000000000001, 0.37, 0.40400000000000003, 0.32000000000000001,
	0.40899999999999997, 0.33200000000000002, 0.42699999999999999, 
	0.33500000000000002, 0.40899999999999997, 0.32300000000000001, 
	0.35799999999999998, 0.30199999999999999, 0.42499999999999999, 
	0.39800000000000002, 0.314, 0.32500000000000001, 0.42499999999999999,
	0.41199999999999998, 0.497, 0.436, 0.498, 0.54300000000000004, 
	0.49099999999999999, 0.438, 0.44600000000000001, 0.53400000000000003,
	0.69299999999999995, 0.60799999999999998, 0.62, 0.65900000000000003,
	0.61599999999999999, 0.71199999999999997, 0.71399999999999997, 
	0.61699999999999999, 0.71199999999999997, 0.64100000000000001, 
	0.65600000000000003, 0.629, 0.68300000000000005, 0.63900000000000001,
	0.59599999999999997, 0.77900000000000003, 0.85399999999999998, 
	0.20100000000000001, 0.223, 0.19800000000000001, 0.25600000000000001,
	0.24199999999999999, 0.39800000000000002, 0.41899999999999998, 
	0.41499999999999998, 0.29399999999999998, 0.40400000000000003, 0.317,
	0.42999999999999999, 0.35299999999999998, 0.35599999999999998, 
	0.33100000000000002, 0.35999999999999999, 0.30399999999999999, 0.37,
	0.39000000000000001, 0.32800000000000001, 0.32300000000000001, 
	0.38400000000000001, 0.46500000000000002, 0.438, 0.51300000000000001,
	0.501, 0.55600000000000005, 0.47499999999999998, 0.47299999999999998,
	0.50800000000000001, 0.56899999999999995, 0.68600000000000005, 
	0.61899999999999999, 0.61699999999999999, 0.69399999999999995, 
	0.61499999999999999, 0.70599999999999996, 0.66100000000000003, 
	0.60399999999999998, 0.70299999999999996, 0.60199999999999998, 
	0.65900000000000003, 0.58499999999999996, 0.68000000000000005, 
	0.64000000000000001, 0.63900000000000001, 0.83899999999999997, 
	0.85799999999999998, 0.193, 0.22900000000000001, 0.183, 
	0.27100000000000002, 0.26800000000000002, 0.41599999999999998, 
	0.38500000000000001, 0.41699999999999998, 0.40600000000000003, 
	0.33500000000000002, 0.33800000000000002, 0.47399999999999998, 
	0.32300000000000001, 0.30399999999999999, 0.33300000000000002, 
