wreath <-
structure(c(-11.2386964979405, 1.83115966271336, -13.2755616065126, 
-6.08965018034, 8.61834966314144, -6.97126691060875, 11.1604720347314, 
2.41218223350522, -15.4800712913441, 2.34046274622134, -14.3445764668188, 
-7.36455307851838, 10.1004267320028, 10.4165990684670, 1.93657719402692, 
-15.0145168966254, 9.34894164793177, 9.617430913839, 9.85494084129942, 
-14.5921718923085, -15.2151910510441, -3.22071957140354, -2.51011766255831, 
-5.41931522240214, 10.6759689838825, 1.53783588213465, 8.74446230846057, 
-6.44958679680057, 2.09171095744346, -5.92407872565621, -9.06940056790329, 
9.32648536540075, -10.0121381615291, -14.5621730191282, -14.9035112386180, 
9.77432469128358, 8.98104329914836, -13.5967559183586, 10.6681754379799, 
2.34022914024075, -13.6919378768203, 10.0056493442224, 3.22804417757, 
10.7216681915226, 2.46685181575292, -6.47000879100595, -13.0484290588526, 
12.4872704323511, 8.83741149014849, -5.24311752881296, -11.6072197927575, 
10.8584639029657, 10.2083826324439, 10.4820575564566, 16.3558610873592, 
-15.1448825261699, -13.6588021101666, -14.8611905093341, 2.91194475203669, 
-9.97503242669595, -3.32452605437299, -15.9719083049796, -9.55247759056975, 
10.3112169749218, -15.1183211336617, -3.16595113062191, -5.58371301719195, 
-2.24458242102976, -6.72347495582868, 8.09041582568345, 11.2152182268657, 
3.80298444279985, -4.27501562821953, 10.4599340740174, 17.0267393668817, 
-6.35109182636597, -3.41932811291792, 10.0994768117288, 9.10865210076086, 
-7.16698037602642, 10.6474059829683, -7.76770486833855, -2.95084132694201, 
-5.74776036731826, 2.04311945879799, -7.19839696342708, 9.02487256886354, 
18.3050780348422, 9.23014153186874, 16.9074478849641, -14.5564930175761, 
-4.96272863323056, -16.3672509231369, 10.6538850529445, 10.6334878964175, 
9.54078126733262, -15.7686677881934, 11.6954982846992, 8.99993356917881, 
11.6816101290350, 10.9528785066284, 9.94542153763287, 2.45921768225351, 
10.5311961203549, -6.01147813059003, 10.0013807529396, 15.2981291353173, 
17.4941746923735, -11.4895221264813, 15.3856161180067, 9.95710647196474, 
1.80315865694241, 9.39828503170493, -4.89391088011224, -15.8045976018996, 
-10.7121647499478, 3.57292215632835, 10.1227279063471, 3.54056197674299, 
9.85313955858608, 15.7357873345509, 2.77317114433339, 3.3563828315034, 
-4.00341432032181, -5.36478570849816, 2.10764946513349, 9.72420249568023, 
-14.3738847597705, 15.9300084217070, 9.88880012660264, 16.4844810970787, 
-15.5877853544767, 2.76090436760367, -10.8856958466543, 4.00545755493249, 
10.7214169438977, -10.7815340453610, 16.1624577703711, -15.7182473716481, 
10.2270240825303, -14.2138645611473, -3.09931978786650, -5.26184296067376, 
-5.5697131323875, 2.19372658234258, 10.1122029601578, 9.0705449408925, 
-2.23768490865656, 2.76749930060041, -11.0350806558014, -12.5106002693895, 
-5.79467259867304, -15.6231928227805, 2.12822527560618, -4.2478594969284, 
10.0007820145153, 15.0110283138323, -14.3670421525776, 10.1443381879506, 
-6.81954550124883, -7.87641071076614, 15.3575275526899, -14.5117033451974, 
-3.07070436250906, -15.5009348665837, 9.18078096967811, -10.260555813068, 
-3.49468499700614, -11.798128505515, 10.4680297881393, 1.47157226693817, 
-10.722502164296, 1.92687483336205, 16.5518055005626, 9.9357571982357, 
10.7341066073410, -14.5784273429487, 1.51792633777752, -14.9892644322061, 
-14.5962207653211, 2.95724085660481, -11.1952390825595, 2.42545304305339, 
2.3587813003271, -3.75551695514248, -0.50401812206966, 15.1503528190449, 
-2.71133795844576, -9.33246311721238, 10.2235761212933, 2.35435788263379, 
-3.98927542100194, 15.4973821784626, -14.6924781613748, 1.83177322937805, 
-7.46312819521342, -9.97640673468906, -6.77295934939427, -6.37514589480303, 
-11.2646331989725, -11.8432632937618, 2.3976612608984, 10.6390198237299, 
3.99089055934635, -6.56086902670986, -5.78537425129797, -16.120233549222, 
-8.83776368660502, 2.79936954516133, -7.05311052206471, 9.77003169391222, 
4.360987946973, 11.3858956758756, 12.4427209991856, -7.94859440588261, 
10.0722474793232, -5.54378022566211, 10.8525391333768, 17.0211320214723, 
9.20775972130904, -6.56499951986763, -13.3244218088278, -7.15211172857176, 
-15.8599477843073, -3.00876443882427, 9.56551540142705, -3.28745374128052, 
1.90851637719091, -2.1273820400969, 3.46862662195685, -3.24153360930814, 
-6.23768899418298, 10.4928916430503, -10.3808222860904, -5.66265757211923, 
9.68208772825144, 11.7412661628536, 16.8179315693341, -2.3789642880603, 
-10.4888447005172, 15.0008147659872, -8.49878169945668, -4.42114889701737, 
9.37968533000916, 3.20801318842253, 15.9546900377614, 9.9502899480819, 
11.6436777959449, 3.44200583570006, 3.77949750037942, 9.85429472345102, 
2.65803561173403, -5.51189808277265, -8.61669285703423, -13.6658413160229, 
-11.7496838495353, -5.13950700083953, -0.442462352922628, -11.6924362868038, 
-13.9131567706766, -6.70559582379996, 1.82899657614080, 9.96927876496193, 
-2.86888382342606, 15.1059838512221, 10.0525567717615, -3.42871032773052, 
-12.2232772354555, 8.69878875482753, -14.6884885716608, -8.2130283026391, 
-16.9820826110057, 17.7432257993048, -12.0031065367718, -10.8773834401704, 
1.89508724816144, 4.75463423413484, -3.91417913651252, 10.0180166420854, 
-6.5823783932861, 8.9112502027601, 15.5321467022147, -15.3166664693606, 
4.89928936977969, 10.5963044232854, 11.4466118934799, -15.1144818794580, 
-7.01683006539529, 11.5147818771352, -15.0675738541593, 1.82788096984990, 
11.0038159237422, 9.9584866074009, -15.7540100615528, 14.3957533794042, 
-14.9504164688526, -13.0678042723483, -15.2687903500396, -8.34564613856797, 
9.9044392395632, -4.42543605141263, 14.6663587005292, -11.3132342526793, 
2.16019063013915, 2.78124883555558, -15.4972801604997, 10.9584102330689, 
-12.9970864840165, 10.3886188088644, -14.891889655147, -1.07005202909553, 
-11.7042666651863, -16.1138280241897, 10.4927403004998, -8.87755355377131, 
-5.40826346788424, -3.87031511858271, 2.84969554774167, -14.2879800851385, 
9.59899337264933, 9.89814870243902, -6.52574477808707, 10.8955068781074, 
15.1344945935759, 11.6047910110159, -15.1621308681804, -8.26775168250843, 
-3.77250453256282, 9.85773906676595, 1.72648781064607, -4.31194859490819, 
-3.26050963127663, -7.35651967817361, -13.4900142315358, -2.20700058389674, 
-8.36536299596102, -6.1522580863184, 8.95819600563956, 16.7521864086132, 
10.3099059463516, 9.0031706899185, 11.0693901681791, -10.9357801328478, 
-13.8669516371000, -0.488191546280416, 11.9223770659272, -2.37579791784729, 
-4.59266599925245, -4.18069506566463, -14.5424675478197, -8.92489974521917, 
-14.412569841921, 8.55673493194602, -17.0904238593959, 10.6264015315213, 
9.88870464326725, 10.7828473114595, -3.21563378924548, -14.6862204923150, 
-3.31531046799333, -11.7538214847493, -5.1295641148069, -6.04301654730991, 
17.9195451519294, -7.97657673111423, -4.86170320664296, -14.4525680946154, 
9.05759606650975, 2.12957314192643, 10.5138972269540, 3.23241069471021, 
-13.0263271769719, 11.9283091027524, -8.15507176734, 10.137359518901, 
-4.76317188736922, 17.3688222964071, 2.56720768324838, 10.3077940139887, 
9.78093858070392, -1.56720527202330, 4.04883213986221, -4.23872643663579, 
-10.4123388146418, -7.36914707402065, 3.21970930577393, 9.67994797878788, 
10.8628931862140, 17.4654183377448, 1.29250722410589, -6.11761857649584, 
2.96728995527122, -7.33727919467158, 10.0292775711781, -11.2937399191323, 
0.500580996149582, -7.57257273758771, -15.1664460046299, 5.59313148027172, 
-3.95961082606566, -10.5036991297925, 10.9207076534575, -3.5882222547685, 
2.30501147935406, 17.2431779563282, 12.2900658772424, -2.27746591030934, 
-14.5709993255700, 9.5960125272682, 9.96662625401746, -3.83204525942611, 
2.58784119128867, 10.3975693821373, 16.2745007834994, -11.1559951226741, 
8.93750542963907, -14.2572414202525, 17.1433074650989, -5.9650079500302, 
-11.7105415235415, 16.8992791992384, -3.48779011783783, -7.3853776842185, 
8.22571718712929, 2.85950025034937, 9.999462418492, -2.62943430107748, 
